0, 89.347764;
1, 91.436169;
2, 93.573388;
3, 95.760562;
4, 97.998859;
5, 100.289474;
6, 102.633629;
7, 105.032576;
8, 107.487596;
9, 110.;
10, 112.571128;
11, 115.202354;
12, 117.895081;
13, 120.650748;
14, 123.470825;
15, 126.356819;
16, 129.31027;
17, 132.332754;
18, 135.425885;
19, 138.591316;
20, 141.830734;
21, 145.14587;
22, 148.538494;
23, 152.010417;
24, 155.563492;
25, 159.199616;
26, 162.920731;
27, 166.728822;
28, 170.625924;
29, 174.614116;
30, 178.695527;
31, 182.872337;
32, 187.146775;
33, 191.521124;
34, 195.997718;
35, 200.578947;
36, 205.267258;
37, 210.065153;
38, 214.975193;
39, 220.;
40, 225.142256;
41, 230.404707;
42, 235.790162;
43, 241.301495;
44, 246.941651;
45, 252.713638;
46, 258.620539;
47, 264.665508;
48, 270.851771;
49, 277.182631;
50, 283.661468;
51, 290.29174;
52, 297.076988;
53, 304.020834;
54, 311.126984;
55, 318.399232;
56, 325.841461;
57, 333.457645;
58, 341.251848;
59, 349.228231;
60, 357.391054;
61, 365.744674;
62, 374.293551;
63, 383.042248;
64, 391.995436;
65, 401.157895;
66, 410.534516;
67, 420.130306;
68, 429.950386;
69, 440.;
70, 450.284513;
71, 460.809414;
72, 471.580324;
73, 482.602991;
74, 493.883301;
75, 505.427276;
76, 517.241079;
77, 529.331016;
78, 541.703542;
79, 554.365262;
80, 567.322936;
81, 580.583481;
82, 594.153976;
83, 608.041667;
84, 622.253967;
85, 636.798465;
86, 651.682923;
87, 666.915289;
88, 682.503695;
89, 698.456463;
90, 714.782109;
91, 731.489349;
92, 748.587102;
93, 766.084496;
94, 783.990872;
95, 802.31579;
96, 821.069033;
97, 840.260611;
98, 859.900772;
99, 880.;
100, 900.569025;
101, 921.618828;
102, 943.160647;
103, 965.205982;
104, 987.766602;
105, 1010.854552;
106, 1034.482158;
107, 1058.662032;
108, 1083.407084;
109, 1108.730524;
110, 1134.645871;
111, 1161.166962;
112, 1188.307953;
113, 1216.083334;
114, 1244.507935;
115, 1273.596929;
116, 1303.365846;
117, 1333.830579;
118, 1365.00739;
119, 1396.912926;
120, 1429.564218;
121, 1462.978697;
122, 1497.174203;
123, 1532.168991;
124, 1567.981744;
125, 1604.63158;
126, 1642.138065;
127, 1680.521223;
